20061204
3 3 4.500000e-13 6.480000e-01
3 4 2.680000e-12 7.250000e-01
3 5 4.900000e-12 8.030000e-01
3 6 9.400000e-12 7.650000e-01
3 7 1.590000e-11 7.590000e-01
3 8 1.919000e-11 7.849000e-01
3 9 2.800000e-11 7.710000e-01
3 10 4.030000e-11 7.873000e-01
3 11 6.830000e-11 7.650000e-01
3 12 8.343000e-11 8.291000e-01
3 13 1.430000e-10 8.230000e-01
3 14 1.460000e-10 8.391000e-01
3 15 2.000000e-10 8.060000e-01
3 16 2.091000e-10 8.691000e-01
3 17 3.070000e-10 8.190000e-01
3 18 3.210000e-10 8.934000e-01
3 19 4.610000e-10 8.330000e-01
3 20 4.870000e-10 8.060000e-01
3 21 5.139000e-10 7.781000e-01
3 22 5.850000e-10 7.570000e-01
3 23 6.556000e-10 7.359000e-01
3 24 7.238000e-10 7.242000e-01
3 26 8.404000e-10 7.167000e-01
3 27 1.360000e-09 8.420000e-01
3 28 1.880000e-09 8.420000e-01
3 29 2.400000e-09 8.420000e-01
3 30 2.920000e-09 8.420000e-01
3 31 3.440000e-09 8.420000e-01
3 32 3.960000e-09 8.420000e-01
3 33 4.482000e-09 8.420000e-01
3 34 5.003000e-09 8.420000e-01
3 35 5.526000e-09 8.420000e-01
3 36 5.526000e-09 8.420000e-01
3 37 5.526000e-09 8.420000e-01
3 38 5.526000e-09 8.420000e-01
3 39 5.526000e-09 8.420000e-01
3 40 5.526000e-09 8.420000e-01
3 41 5.526000e-09 8.420000e-01
3 42 5.526000e-09 8.420000e-01
3 43 5.526000e-09 8.420000e-01
3 44 5.526000e-09 8.420000e-01
3 45 5.526000e-09 8.420000e-01
3 46 5.526000e-09 8.420000e-01
3 47 5.526000e-09 8.420000e-01
3 48 5.526000e-09 8.420000e-01
3 49 5.526000e-09 8.420000e-01
3 50 5.526000e-09 8.420000e-01
3 51 5.526000e-09 8.420000e-01
3 52 5.526000e-09 8.420000e-01
3 53 5.526000e-09 8.420000e-01
4 4 4.600000e-13 6.360000e-01
4 5 2.300000e-12 6.450000e-01
4 6 5.000000e-12 6.760000e-01
4 7 9.600000e-12 6.700000e-01
4 8 1.558000e-11 6.816000e-01
4 9 2.300000e-11 7.040000e-01
4 10 3.253000e-11 7.075000e-01
4 11 4.600000e-11 7.110000e-01
4 12 5.951000e-11 7.125000e-01
4 13 7.700000e-11 7.140000e-01
4 14 1.042000e-10 7.330000e-01
4 15 1.400000e-10 7.550000e-01
4 16 1.760000e-10 7.682000e-01
4 17 2.140000e-10 7.740000e-01
4 18 2.629000e-10 7.772000e-01
4 19 3.240000e-10 7.800000e-01
4 20 3.970000e-10 7.840000e-01
4 21 4.700000e-10 7.873000e-01
4 22 5.500000e-10 7.910000e-01
4 23 6.301000e-10 7.952000e-01
4 24 7.058000e-10 7.982000e-01
4 26 8.252000e-10 8.004000e-01
4 27 8.710000e-10 8.000000e-01
4 28 9.170000e-10 8.000000e-01
4 29 9.630000e-10 7.990000e-01
4 30 1.009000e-09 7.990000e-01
4 31 1.055000e-09 7.990000e-01
4 32 1.101000e-09 7.990000e-01
4 33 1.148000e-09 7.990000e-01
4 34 1.195000e-09 7.990000e-01
4 35 1.242000e-09 7.990000e-01
4 36 1.242000e-09 7.990000e-01
4 37 1.242000e-09 7.990000e-01
4 38 1.242000e-09 7.990000e-01
4 39 1.242000e-09 7.990000e-01
4 40 1.242000e-09 7.990000e-01
4 41 1.242000e-09 7.990000e-01
4 42 1.242000e-09 7.990000e-01
4 43 1.242000e-09 7.990000e-01
4 44 1.242000e-09 7.990000e-01
4 45 1.242000e-09 7.990000e-01
4 46 1.242000e-09 7.990000e-01
4 47 1.242000e-09 7.990000e-01
4 48 1.242000e-09 7.990000e-01
4 49 1.242000e-09 7.990000e-01
4 50 1.242000e-09 7.990000e-01
4 51 1.242000e-09 7.990000e-01
4 52 1.242000e-09 7.990000e-01
4 53 1.242000e-09 7.990000e-01
5 5 4.700000e-13 6.240000e-01
5 6 2.200000e-12 6.390000e-01
5 7 5.100000e-12 6.600000e-01
5 8 9.171000e-12 6.757000e-01
5 9 1.500000e-11 6.840000e-01
5 10 2.191000e-11 6.875000e-01
5 11 3.200000e-11 6.910000e-01
5 12 4.308000e-11 6.970000e-01
5 13 5.800000e-11 7.030000e-01
5 14 7.316000e-11 7.027000e-01
5 15 9.200000e-11 7.140000e-01
5 16 1.198000e-10 7.508000e-01
5 17 1.580000e-10 7.900000e-01
5 18 2.048000e-10 8.032000e-01
5 19 2.600000e-10 8.000000e-01
5 20 3.280000e-10 7.990000e-01
5 21 3.966000e-10 7.973000e-01
5 22 4.760000e-10 8.000000e-01
5 23 5.547000e-10 8.027000e-01
5 24 6.313000e-10 8.058000e-01
5 26 7.503000e-10 8.085000e-01
5 27 7.940000e-10 8.080000e-01
5 28 8.380000e-10 8.080000e-01
5 29 8.810000e-10 8.070000e-01
5 30 9.240000e-10 8.070000e-01
5 31 9.687000e-10 8.070000e-01
5 32 1.017000e-09 8.070000e-01
5 33 1.070000e-09 8.070000e-01
5 34 1.130000e-09 8.070000e-01
5 35 1.199000e-09 8.070000e-01
5 36 1.199000e-09 8.070000e-01
5 37 1.199000e-09 8.070000e-01
5 38 1.199000e-09 8.070000e-01
5 39 1.199000e-09 8.070000e-01
5 40 1.199000e-09 8.070000e-01
5 41 1.199000e-09 8.070000e-01
5 42 1.199000e-09 8.070000e-01
5 43 1.199000e-09 8.070000e-01
5 44 1.199000e-09 8.070000e-01
5 45 1.199000e-09 8.070000e-01
5 46 1.199000e-09 8.070000e-01
5 47 1.199000e-09 8.070000e-01
5 48 1.199000e-09 8.070000e-01
5 49 1.199000e-09 8.070000e-01
5 50 1.199000e-09 8.070000e-01
5 51 1.199000e-09 8.070000e-01
5 52 1.199000e-09 8.070000e-01
5 53 1.199000e-09 8.070000e-01
6 6 4.100000e-13 6.080000e-01
6 7 2.000000e-12 6.460000e-01
6 8 5.231000e-12 6.615000e-01
6 9 9.100000e-12 6.680000e-01
6 10 1.447000e-11 6.814000e-01
6 11 2.300000e-11 6.950000e-01
6 12 3.145000e-11 6.915000e-01
6 13 4.300000e-11 6.880000e-01
6 14 5.659000e-11 7.023000e-01
6 15 7.400000e-11 7.160000e-01
6 16 9.561000e-11 7.102000e-01
6 17 1.230000e-10 7.020000e-01
6 18 1.587000e-10 7.105000e-01
6 19 2.040000e-10 7.300000e-01
6 20 2.630000e-10 7.490000e-01
6 21 3.220000e-10 7.683000e-01
6 22 3.950000e-10 7.830000e-01
6 23 4.671000e-10 7.967000e-01
6 24 5.407000e-10 8.058000e-01
6 26 6.611000e-10 8.121000e-01
6 27 7.080000e-10 8.110000e-01
6 28 7.550000e-10 8.100000e-01
6 29 8.020000e-10 8.090000e-01
6 30 8.490000e-10 8.090000e-01
6 31 8.960000e-10 8.090000e-01
6 32 9.432000e-10 8.090000e-01
6 33 9.904000e-10 8.090000e-01
6 34 1.038000e-09 8.090000e-01
6 35 1.085000e-09 8.090000e-01
6 36 1.085000e-09 8.090000e-01
6 37 1.085000e-09 8.090000e-01
6 38 1.085000e-09 8.090000e-01
6 39 1.085000e-09 8.090000e-01
6 40 1.085000e-09 8.090000e-01
6 41 1.085000e-09 8.090000e-01
6 42 1.085000e-09 8.090000e-01
6 43 1.085000e-09 8.090000e-01
6 44 1.085000e-09 8.090000e-01
6 45 1.085000e-09 8.090000e-01
6 46 1.085000e-09 8.090000e-01
6 47 1.085000e-09 8.090000e-01
6 48 1.085000e-09 8.090000e-01
6 49 1.085000e-09 8.090000e-01
6 50 1.085000e-09 8.090000e-01
6 51 1.085000e-09 8.090000e-01
6 52 1.085000e-09 8.090000e-01
6 53 1.085000e-09 8.090000e-01
7 7 3.100000e-13 6.780000e-01
7 8 1.344000e-12 6.708000e-01
7 9 4.400000e-12 6.750000e-01
7 10 7.849000e-12 6.952000e-01
7 11 1.400000e-11 7.160000e-01
7 12 2.049000e-11 7.090000e-01
7 13 3.000000e-11 7.020000e-01
7 14 4.125000e-11 6.965000e-01
7 15 5.500000e-11 7.110000e-01
7 16 7.280000e-11 7.518000e-01
7 17 9.550000e-11 7.930000e-01
7 18 1.235000e-10 8.052000e-01
7 19 1.580000e-10 8.000000e-01
7 20 2.060000e-10 7.990000e-01
7 21 2.537000e-10 7.977000e-01
7 22 3.190000e-10 8.020000e-01
7 23 3.844000e-10 8.071000e-01
7 24 4.564000e-10 8.124000e-01
7 26 5.842000e-10 8.168000e-01
7 27 6.380000e-10 8.160000e-01
7 28 6.920000e-10 8.150000e-01
7 29 7.460000e-10 8.140000e-01
7 30 8.000000e-10 8.140000e-01
7 31 8.541000e-10 8.140000e-01
7 32 9.083000e-10 8.140000e-01
7 33 9.628000e-10 8.140000e-01
7 34 1.018000e-09 8.140000e-01
7 35 1.073000e-09 8.140000e-01
7 36 1.073000e-09 8.140000e-01
7 37 1.073000e-09 8.140000e-01
7 38 1.073000e-09 8.140000e-01
7 39 1.073000e-09 8.140000e-01
7 40 1.073000e-09 8.140000e-01
7 41 1.073000e-09 8.140000e-01
7 42 1.073000e-09 8.140000e-01
7 43 1.073000e-09 8.140000e-01
7 44 1.073000e-09 8.140000e-01
7 45 1.073000e-09 8.140000e-01
7 46 1.073000e-09 8.140000e-01
7 47 1.073000e-09 8.140000e-01
7 48 1.073000e-09 8.140000e-01
7 49 1.073000e-09 8.140000e-01
7 50 1.073000e-09 8.140000e-01
7 51 1.073000e-09 8.140000e-01
7 52 1.073000e-09 8.140000e-01
7 53 1.073000e-09 8.140000e-01
8 8 6.273000e-13 6.798000e-01
8 9 1.500000e-12 6.930000e-01
8 10 3.399000e-12 7.054000e-01
8 11 7.700000e-12 7.180000e-01
8 12 1.275000e-11 7.170000e-01
8 13 2.110000e-11 7.160000e-01
8 14 2.975000e-11 6.945000e-01
8 15 4.000000e-11 6.960000e-01
8 16 5.281000e-11 7.491000e-01
8 17 6.920000e-11 8.110000e-01
8 18 9.044000e-11 8.251000e-01
8 19 1.180000e-10 8.100000e-01
8 20 1.580000e-10 8.040000e-01
8 21 1.983000e-10 7.980000e-01
8 22 2.570000e-10 8.040000e-01
8 23 3.154000e-10 8.101000e-01
8 24 3.837000e-10 8.183000e-01
8 26 5.147000e-10 8.253000e-01
8 27 5.750000e-10 8.240000e-01
8 28 6.350000e-10 8.230000e-01
8 29 6.960000e-10 8.210000e-01
8 30 7.570000e-10 8.210000e-01
8 31 8.163000e-10 8.210000e-01
8 32 8.721000e-10 8.210000e-01
8 33 9.228000e-10 8.210000e-01
8 34 9.666000e-10 8.210000e-01
8 35 1.002000e-09 8.210000e-01
8 36 1.002000e-09 8.210000e-01
8 37 1.002000e-09 8.210000e-01
8 38 1.002000e-09 8.210000e-01
8 39 1.002000e-09 8.210000e-01
8 40 1.002000e-09 8.210000e-01
8 41 1.002000e-09 8.210000e-01
8 42 1.002000e-09 8.210000e-01
8 43 1.002000e-09 8.210000e-01
8 44 1.002000e-09 8.210000e-01
8 45 1.002000e-09 8.210000e-01
8 46 1.002000e-09 8.210000e-01
8 47 1.002000e-09 8.210000e-01
8 48 1.002000e-09 8.210000e-01
8 49 1.002000e-09 8.210000e-01
8 50 1.002000e-09 8.210000e-01
8 51 1.002000e-09 8.210000e-01
8 52 1.002000e-09 8.210000e-01
8 53 1.002000e-09 8.210000e-01
9 9 2.200000e-13 7.590000e-01
9 10 8.775000e-13 7.467000e-01
9 11 3.500000e-12 7.340000e-01
9 12 6.481000e-12 7.345000e-01
9 13 1.200000e-11 7.350000e-01
9 14 1.834000e-11 7.285000e-01
9 15 2.700000e-11 7.330000e-01
9 16 3.711000e-11 7.641000e-01
9 17 4.900000e-11 8.010000e-01
9 18 6.444000e-11 8.175000e-01
9 19 8.510000e-11 8.200000e-01
9 20 1.170000e-10 8.220000e-01
9 21 1.494000e-10 8.242000e-01
9 22 2.010000e-10 8.280000e-01
9 23 2.525000e-10 8.311000e-01
9 24 3.177000e-10 8.341000e-01
9 26 4.552000e-10 8.364000e-01
9 27 5.250000e-10 8.360000e-01
9 28 5.950000e-10 8.360000e-01
9 29 6.650000e-10 8.350000e-01
9 30 7.350000e-10 8.350000e-01
9 31 8.051000e-10 8.350000e-01
9 32 8.753000e-10 8.350000e-01
9 33 9.458000e-10 8.350000e-01
9 34 1.017000e-09 8.350000e-01
9 35 1.088000e-09 8.350000e-01
9 36 1.088000e-09 8.350000e-01
9 37 1.088000e-09 8.350000e-01
9 38 1.088000e-09 8.350000e-01
9 39 1.088000e-09 8.350000e-01
9 40 1.088000e-09 8.350000e-01
9 41 1.088000e-09 8.350000e-01
9 42 1.088000e-09 8.350000e-01
9 43 1.088000e-09 8.350000e-01
9 36 1.088000e-09 8.350000e-01
9 35 1.088000e-09 8.350000e-01
9 44 1.088000e-09 8.350000e-01
9 45 1.088000e-09 8.350000e-01
9 46 1.088000e-09 8.350000e-01
9 47 1.088000e-09 8.350000e-01
9 48 1.088000e-09 8.350000e-01
9 49 1.088000e-09 8.350000e-01
9 50 1.088000e-09 8.350000e-01
9 51 1.088000e-09 8.350000e-01
9 52 1.088000e-09 8.350000e-01
9 53 1.088000e-09 8.350000e-01
11 11 1.400000e-13 8.550000e-01
11 12 7.197000e-13 7.697000e-01
11 13 3.700000e-12 6.930000e-01
11 14 7.980000e-12 6.829000e-01
11 15 1.200000e-11 7.010000e-01
11 16 1.800000e-11 7.232000e-01
11 17 2.690000e-11 7.440000e-01
11 18 3.748000e-11 7.628000e-01
11 19 5.040000e-11 7.800000e-01
11 20 7.240000e-11 7.950000e-01
11 21 9.440000e-11 8.107000e-01
11 22 1.350000e-10 8.220000e-01
11 23 1.751000e-10 8.340000e-01
11 24 2.298000e-10 8.417000e-01
11 26 3.461000e-10 8.469000e-01
11 27 4.030000e-10 8.460000e-01
11 28 4.600000e-10 8.450000e-01
11 29 5.170000e-10 8.440000e-01
11 30 5.740000e-10 8.440000e-01
11 31 6.310000e-10 8.440000e-01
11 32 6.882000e-10 8.440000e-01
11 33 7.454000e-10 8.440000e-01
11 34 8.028000e-10 8.440000e-01
11 35 8.604000e-10 8.440000e-01
11 36 8.604000e-10 8.440000e-01
11 37 8.604000e-10 8.440000e-01
11 38 8.604000e-10 8.440000e-01
11 39 8.604000e-10 8.440000e-01
11 40 8.604000e-10 8.440000e-01
11 41 8.604000e-10 8.440000e-01
11 42 8.604000e-10 8.440000e-01
11 43 8.604000e-10 8.440000e-01
11 44 8.604000e-10 8.440000e-01
11 45 8.604000e-10 8.440000e-01
11 46 8.604000e-10 8.440000e-01
11 47 8.604000e-10 8.440000e-01
11 48 8.604000e-10 8.440000e-01
11 49 8.604000e-10 8.440000e-01
11 50 8.604000e-10 8.440000e-01
11 51 8.604000e-10 8.440000e-01
11 52 8.604000e-10 8.440000e-01
11 53 8.604000e-10 8.440000e-01
12 12 3.980000e-13 8.019000e-01
12 13 1.000000e-12 7.860000e-01
12 14 2.558000e-12 7.629000e-01
12 15 5.700000e-12 7.550000e-01
12 16 1.011000e-11 7.703000e-01
12 17 1.580000e-11 7.930000e-01
12 18 2.448000e-11 8.052000e-01
12 19 3.760000e-11 8.100000e-01
12 20 5.870000e-11 8.150000e-01
12 21 7.972000e-11 8.206000e-01
12 22 1.130000e-10 8.270000e-01
12 23 1.470000e-10 8.325000e-01
12 24 1.908000e-10 8.372000e-01
12 26 2.976000e-10 8.406000e-01
12 27 3.630000e-10 8.400000e-01
12 28 4.280000e-10 8.390000e-01
12 29 4.940000e-10 8.390000e-01
12 30 5.600000e-10 8.390000e-01
12 31 6.242000e-10 8.390000e-01
12 32 6.850000e-10 8.390000e-01
12 33 7.404000e-10 8.390000e-01
12 34 7.888000e-10 8.390000e-01
12 35 8.284000e-10 8.390000e-01
12 36 8.284000e-10 8.390000e-01
12 37 8.284000e-10 8.390000e-01
12 38 8.284000e-10 8.390000e-01
12 39 8.284000e-10 8.390000e-01
12 40 8.284000e-10 8.390000e-01
12 41 8.284000e-10 8.390000e-01
12 42 8.284000e-10 8.390000e-01
12 43 8.284000e-10 8.390000e-01
12 44 8.284000e-10 8.390000e-01
12 45 8.284000e-10 8.390000e-01
12 46 8.284000e-10 8.390000e-01
12 47 8.284000e-10 8.390000e-01
12 48 8.284000e-10 8.390000e-01
12 49 8.284000e-10 8.390000e-01
12 50 8.284000e-10 8.390000e-01
12 51 8.284000e-10 8.390000e-01
12 52 8.284000e-10 8.390000e-01
12 53 8.284000e-10 8.390000e-01
13 13 5.900000e-13 6.010000e-01
13 14 1.294000e-12 6.766000e-01
13 15 2.700000e-12 7.450000e-01
13 16 5.165000e-12 7.893000e-01
13 17 9.120000e-12 8.110000e-01
13 18 1.513000e-11 8.186000e-01
13 19 2.400000e-11 8.200000e-01
13 20 3.960000e-11 8.220000e-01
13 21 5.518000e-11 8.245000e-01
13 22 8.370000e-11 8.280000e-01
13 23 1.123000e-10 8.313000e-01
13 24 1.525000e-10 8.342000e-01
13 25 2.000000e-10 8.360000e-01
13 26 2.537000e-10 8.364000e-01
13 27 3.160000e-10 8.360000e-01
13 28 3.780000e-10 8.360000e-01
13 29 4.410000e-10 8.350000e-01
13 30 5.040000e-10 8.350000e-01
13 31 5.653000e-10 8.350000e-01
13 32 6.231000e-10 8.350000e-01
13 33 6.758000e-10 8.350000e-01
13 34 7.216000e-10 8.350000e-01
13 35 7.588000e-10 8.350000e-01
13 36 7.588000e-10 8.350000e-01
13 37 7.588000e-10 8.350000e-01
13 38 7.588000e-10 8.350000e-01
13 39 7.588000e-10 8.350000e-01
13 40 7.588000e-10 8.350000e-01
13 41 7.588000e-10 8.350000e-01
13 42 7.588000e-10 8.350000e-01
13 43 7.588000e-10 8.350000e-01
13 44 7.588000e-10 8.350000e-01
13 45 7.588000e-10 8.350000e-01
13 46 7.588000e-10 8.350000e-01
13 47 7.588000e-10 8.350000e-01
13 48 7.588000e-10 8.350000e-01
13 49 7.588000e-10 8.350000e-01
13 50 7.588000e-10 8.350000e-01
13 51 7.588000e-10 8.350000e-01
13 52 7.588000e-10 8.350000e-01
13 53 7.588000e-10 8.350000e-01
14 14 9.761000e-13 6.209000e-01
14 15 1.800000e-12 6.860000e-01
14 16 3.320000e-12 7.579000e-01
14 17 6.030000e-12 8.120000e-01
14 18 1.063000e-11 8.269000e-01
14 19 1.800000e-11 8.200000e-01
14 20 3.130000e-11 8.180000e-01
14 21 4.451000e-11 8.153000e-01
14 22 6.830000e-11 8.200000e-01
14 23 9.206000e-11 8.246000e-01
14 24 1.250000e-10 8.302000e-01
14 25 1.640000e-10 8.340000e-01
14 26 2.093000e-10 8.349000e-01
14 27 2.630000e-10 8.340000e-01
14 28 3.170000e-10 8.330000e-01
14 29 3.700000e-10 8.320000e-01
14 30 4.230000e-10 8.320000e-01
14 31 4.777000e-10 8.320000e-01
14 32 5.359000e-10 8.320000e-01
14 33 5.992000e-10 8.320000e-01
14 34 6.694000e-10 8.320000e-01
14 35 7.482000e-10 8.320000e-01
14 36 7.482000e-10 8.320000e-01
14 37 7.482000e-10 8.320000e-01
14 38 7.482000e-10 8.320000e-01
14 39 7.482000e-10 8.320000e-01
14 40 7.482000e-10 8.320000e-01
14 41 7.482000e-10 8.320000e-01
14 42 7.482000e-10 8.320000e-01
14 43 7.482000e-10 8.320000e-01
14 44 7.482000e-10 8.320000e-01
14 45 7.482000e-10 8.320000e-01
14 46 7.482000e-10 8.320000e-01
14 47 7.482000e-10 8.320000e-01
14 48 7.482000e-10 8.320000e-01
14 49 7.482000e-10 8.320000e-01
14 50 7.482000e-10 8.320000e-01
14 51 7.482000e-10 8.320000e-01
14 52 7.482000e-10 8.320000e-01
14 53 7.482000e-10 8.320000e-01
15 15 4.100000e-13 6.300000e-01
15 16 1.248000e-12 7.663000e-01
15 17 3.230000e-12 8.690000e-01
15 18 6.384000e-12 8.790000e-01
15 19 1.070000e-11 8.400000e-01
15 20 1.920000e-11 8.210000e-01
15 21 2.765000e-11 8.012000e-01
15 22 4.650000e-11 8.060000e-01
15 23 6.539000e-11 8.099000e-01
15 24 9.539000e-11 8.202000e-01
15 25 1.330000e-10 8.280000e-01
15 26 1.769000e-10 8.299000e-01
15 27 2.290000e-10 8.280000e-01
15 28 2.810000e-10 8.260000e-01
15 29 3.330000e-10 8.240000e-01
15 30 3.850000e-10 8.240000e-01
15 31 4.370000e-10 8.240000e-01
15 32 4.888000e-10 8.240000e-01
15 33 5.406000e-10 8.240000e-01
15 34 5.922000e-10 8.240000e-01
15 35 6.436000e-10 8.240000e-01
15 36 6.436000e-10 8.240000e-01
15 37 6.436000e-10 8.240000e-01
15 38 6.436000e-10 8.240000e-01
15 39 6.436000e-10 8.240000e-01
15 40 6.436000e-10 8.240000e-01
15 41 6.436000e-10 8.240000e-01
15 42 6.436000e-10 8.240000e-01
15 43 6.436000e-10 8.240000e-01
15 44 6.436000e-10 8.240000e-01
15 45 6.436000e-10 8.240000e-01
15 46 6.436000e-10 8.240000e-01
15 47 6.436000e-10 8.240000e-01
15 48 6.436000e-10 8.240000e-01
15 49 6.436000e-10 8.240000e-01
15 50 6.436000e-10 8.240000e-01
15 51 6.436000e-10 8.240000e-01
15 52 6.436000e-10 8.240000e-01
15 53 6.436000e-10 8.240000e-01
16 16 1.010000e-12 7.380000e-01
16 17 1.950000e-12 7.520000e-01
16 18 3.766000e-12 7.662000e-01
16 19 7.080000e-12 7.800000e-01
16 20 1.430000e-11 7.920000e-01
16 21 2.152000e-11 8.038000e-01
16 22 3.740000e-11 8.120000e-01
16 23 5.335000e-11 8.207000e-01
16 24 7.807000e-11 8.260000e-01
16 25 1.090000e-10 8.290000e-01
16 26 1.459000e-10 8.296000e-01
16 27 1.910000e-10 8.290000e-01
16 28 2.360000e-10 8.280000e-01
16 29 2.810000e-10 8.280000e-01
16 30 3.260000e-10 8.280000e-01
16 31 3.710000e-10 8.280000e-01
16 32 4.158000e-10 8.280000e-01
16 33 4.606000e-10 8.280000e-01
16 34 5.052000e-10 8.280000e-01
16 35 5.496000e-10 8.280000e-01
16 36 5.496000e-10 8.280000e-01
16 37 5.496000e-10 8.280000e-01
16 38 5.496000e-10 8.280000e-01
16 39 5.496000e-10 8.280000e-01
16 40 5.496000e-10 8.280000e-01
16 41 5.496000e-10 8.280000e-01
16 42 5.496000e-10 8.280000e-01
16 43 5.496000e-10 8.280000e-01
16 44 5.496000e-10 8.280000e-01
16 45 5.496000e-10 8.280000e-01
16 46 5.496000e-10 8.280000e-01
16 47 5.496000e-10 8.280000e-01
16 48 5.496000e-10 8.280000e-01
16 49 5.496000e-10 8.280000e-01
16 50 5.496000e-10 8.280000e-01
16 51 5.496000e-10 8.280000e-01
16 52 5.496000e-10 8.280000e-01
16 53 5.496000e-10 8.280000e-01
17 17 3.770000e-13 6.510000e-01
17 18 1.304000e-12 6.753000e-01
17 19 3.960000e-12 7.000000e-01
17 20 1.130000e-11 7.240000e-01
17 21 1.857000e-11 7.484000e-01
17 22 3.170000e-11 7.680000e-01
17 23 4.479000e-11 7.883000e-01
17 24 6.106000e-11 8.020000e-01
17 25 8.130000e-11 8.100000e-01
17 26 1.098000e-10 8.118000e-01
17 27 1.500000e-10 8.100000e-01
17 28 1.900000e-10 8.080000e-01
17 29 2.300000e-10 8.060000e-01
17 30 2.700000e-10 8.060000e-01
17 31 3.099000e-10 8.060000e-01
17 32 3.497000e-10 8.060000e-01
17 33 3.892000e-10 8.060000e-01
17 34 4.284000e-10 8.060000e-01
17 35 4.672000e-10 8.060000e-01
17 36 4.672000e-10 8.060000e-01
17 37 4.672000e-10 8.060000e-01
17 38 4.672000e-10 8.060000e-01
17 39 4.672000e-10 8.060000e-01
17 40 4.672000e-10 8.060000e-01
17 41 4.672000e-10 8.060000e-01
17 42 4.672000e-10 8.060000e-01
17 43 4.672000e-10 8.060000e-01
17 44 4.672000e-10 8.060000e-01
17 45 4.672000e-10 8.060000e-01
17 46 4.672000e-10 8.060000e-01
17 47 4.672000e-10 8.060000e-01
17 48 4.672000e-10 8.060000e-01
17 49 4.672000e-10 8.060000e-01
17 50 4.672000e-10 8.060000e-01
17 51 4.672000e-10 8.060000e-01
17 52 4.672000e-10 8.060000e-01
17 53 4.672000e-10 8.060000e-01
18 18 2.762000e-13 8.023000e-01
18 19 6.780000e-13 8.000000e-01
18 20 2.330000e-12 7.980000e-01
18 21 3.983000e-12 7.955000e-01
18 22 1.150000e-11 7.940000e-01
18 23 1.906000e-11 7.919000e-01
18 24 3.620000e-11 7.907000e-01
18 25 6.050000e-11 7.900000e-01
18 26 8.818000e-11 7.898000e-01
18 27 1.190000e-10 7.900000e-01
18 28 1.500000e-10 7.900000e-01
18 29 1.810000e-10 7.900000e-01
18 30 2.120000e-10 7.900000e-01
18 31 2.431000e-10 7.900000e-01
18 32 2.743000e-10 7.900000e-01
18 33 3.057000e-10 7.900000e-01
18 34 3.374000e-10 7.900000e-01
18 35 3.695000e-10 7.900000e-01
18 36 3.695000e-10 7.900000e-01
18 37 3.695000e-10 7.900000e-01
18 38 3.695000e-10 7.900000e-01
18 39 3.695000e-10 7.900000e-01
18 40 3.695000e-10 7.900000e-01
18 41 3.695000e-10 7.900000e-01
18 42 3.695000e-10 7.900000e-01
18 43 3.695000e-10 7.900000e-01
18 44 3.695000e-10 7.900000e-01
18 45 3.695000e-10 7.900000e-01
18 46 3.695000e-10 7.900000e-01
18 47 3.695000e-10 7.900000e-01
18 48 3.695000e-10 7.900000e-01
18 49 3.695000e-10 7.900000e-01
18 50 3.695000e-10 7.900000e-01
18 51 3.695000e-10 7.900000e-01
18 52 3.695000e-10 7.900000e-01
18 53 3.695000e-10 7.900000e-01
19 19 1.120000e-13 9.000000e-01
19 20 6.540000e-13 8.670000e-01
19 21 1.196000e-12 8.344000e-01
19 22 5.330000e-12 8.090000e-01
19 23 9.471000e-12 7.846000e-01
19 24 2.169000e-11 7.683000e-01
19 25 4.120000e-11 7.590000e-01
19 26 6.409000e-11 7.570000e-01
19 27 8.910000e-11 7.590000e-01
19 28 1.140000e-10 7.610000e-01
19 29 1.390000e-10 7.630000e-01
19 30 1.640000e-10 7.630000e-01
19 31 1.888000e-10 7.630000e-01
19 32 2.132000e-10 7.630000e-01
19 33 2.370000e-10 7.630000e-01
19 34 2.599000e-10 7.630000e-01
19 35 2.819000e-10 7.630000e-01
19 36 2.819000e-10 7.630000e-01
19 37 2.819000e-10 7.630000e-01
19 38 2.819000e-10 7.630000e-01
19 39 2.819000e-10 7.630000e-01
19 40 2.819000e-10 7.630000e-01
19 41 2.819000e-10 7.630000e-01
19 42 2.819000e-10 7.630000e-01
19 43 2.819000e-10 7.630000e-01
19 44 2.819000e-10 7.630000e-01
19 45 2.819000e-10 7.630000e-01
19 46 2.819000e-10 7.630000e-01
19 47 2.819000e-10 7.630000e-01
19 48 2.819000e-10 7.630000e-01
19 49 2.819000e-10 7.630000e-01
19 50 2.819000e-10 7.630000e-01
19 51 2.819000e-10 7.630000e-01
19 52 2.819000e-10 7.630000e-01
19 53 2.819000e-10 7.630000e-01
20 20 1.170000e-13 8.980000e-01
20 21 5.330000e-12 8.640000e-01
20 22 1.060000e-11 8.300000e-01
20 23 1.580000e-11 7.960000e-01
20 24 2.100000e-11 7.620000e-01
20 25 2.620000e-11 7.280000e-01
20 26 2.822000e-11 7.280000e-01
20 27 3.040000e-11 7.280000e-01
20 28 3.260000e-11 7.280000e-01
20 29 3.480000e-11 7.280000e-01
20 30 3.700000e-11 7.280000e-01
20 31 3.921000e-11 7.280000e-01
20 32 4.143000e-11 7.280000e-01
20 33 4.368000e-11 7.280000e-01
20 34 4.596000e-11 7.280000e-01
20 35 4.828000e-11 7.280000e-01
20 36 4.828000e-11 7.280000e-01
20 37 4.828000e-11 7.280000e-01
20 38 4.828000e-11 7.280000e-01
20 39 4.828000e-11 7.280000e-01
20 40 4.828000e-11 7.280000e-01
20 41 4.828000e-11 7.280000e-01
20 42 4.828000e-11 7.280000e-01
20 43 4.828000e-11 7.280000e-01
20 44 4.828000e-11 7.280000e-01
20 45 4.828000e-11 7.280000e-01
20 46 4.828000e-11 7.280000e-01
20 47 4.828000e-11 7.280000e-01
20 48 4.828000e-11 7.280000e-01
20 49 4.828000e-11 7.280000e-01
20 50 4.828000e-11 7.280000e-01
20 51 4.828000e-11 7.280000e-01
20 52 4.828000e-11 7.280000e-01
20 53 4.828000e-11 7.280000e-01
21 21 1.220000e-13 8.970000e-01
21 22 3.870000e-12 8.480000e-01
21 23 7.610000e-12 7.980000e-01
21 24 1.140000e-11 7.480000e-01
21 25 1.510000e-11 6.990000e-01
21 26 1.626000e-11 6.990000e-01
21 27 1.750000e-11 6.990000e-01
21 28 1.870000e-11 6.990000e-01
21 29 2.000000e-11 6.990000e-01
21 30 2.140000e-11 6.990000e-01
21 31 2.290000e-11 6.990000e-01
21 32 2.450000e-11 6.990000e-01
21 33 2.620000e-11 6.990000e-01
21 34 2.800000e-11 6.990000e-01
21 35 2.990000e-11 6.990000e-01
21 36 2.990000e-11 6.990000e-01
21 37 2.990000e-11 6.990000e-01
21 38 2.990000e-11 6.990000e-01
21 39 2.990000e-11 6.990000e-01
21 40 2.990000e-11 6.990000e-01
21 41 2.990000e-11 6.990000e-01
21 42 2.990000e-11 6.990000e-01
21 43 2.990000e-11 6.990000e-01
21 44 2.990000e-11 6.990000e-01
21 45 2.990000e-11 6.990000e-01
21 46 2.990000e-11 6.990000e-01
21 47 2.990000e-11 6.990000e-01
21 48 2.990000e-11 6.990000e-01
21 49 2.990000e-11 6.990000e-01
21 50 2.990000e-11 6.990000e-01
21 51 2.990000e-11 6.990000e-01
21 52 2.990000e-11 6.990000e-01
21 53 2.990000e-11 6.990000e-01
22 22 1.270000e-13 8.950000e-01
22 23 2.680000e-12 8.240000e-01
22 24 5.240000e-12 7.530000e-01
22 25 7.800000e-12 6.820000e-01
22 26 8.402000e-12 6.820000e-01
22 27 9.050000e-12 6.820000e-01
22 28 9.700000e-12 6.820000e-01
22 29 1.030000e-11 6.820000e-01
22 30 1.085000e-11 6.820000e-01
22 31 1.135000e-11 6.820000e-01
22 32 1.180000e-11 6.820000e-01
22 33 1.220000e-11 6.820000e-01
22 34 1.255000e-11 6.820000e-01
22 35 1.285000e-11 6.820000e-01
22 36 1.285000e-11 6.820000e-01
22 37 1.285000e-11 6.820000e-01
22 38 1.285000e-11 6.820000e-01
22 39 1.285000e-11 6.820000e-01
22 40 1.285000e-11 6.820000e-01
22 41 1.285000e-11 6.820000e-01
22 42 1.285000e-11 6.820000e-01
22 43 1.285000e-11 6.820000e-01
22 44 1.285000e-11 6.820000e-01
22 45 1.285000e-11 6.820000e-01
22 46 1.285000e-11 6.820000e-01
22 47 1.285000e-11 6.820000e-01
22 48 1.285000e-11 6.820000e-01
22 49 1.285000e-11 6.820000e-01
22 50 1.285000e-11 6.820000e-01
22 51 1.285000e-11 6.820000e-01
22 52 1.285000e-11 6.820000e-01
22 53 1.285000e-11 6.820000e-01
23 23 1.320000e-13 8.940000e-01
23 24 1.730000e-12 8.200000e-01
23 25 3.320000e-12 7.460000e-01
23 26 3.575000e-12 7.460000e-01
23 27 3.580000e-12 7.460000e-01
23 28 3.580000e-12 7.460000e-01
23 29 3.590000e-12 7.460000e-01
23 30 3.610000e-12 7.460000e-01
23 31 3.640000e-12 7.460000e-01
23 32 3.680000e-12 7.460000e-01
23 33 3.730000e-12 7.460000e-01
23 34 3.790000e-12 7.460000e-01
23 35 3.860000e-12 7.460000e-01
23 36 3.860000e-12 7.460000e-01
23 37 3.860000e-12 7.460000e-01
23 38 3.860000e-12 7.460000e-01
23 39 3.860000e-12 7.460000e-01
23 40 3.860000e-12 7.460000e-01
23 41 3.860000e-12 7.460000e-01
23 42 3.860000e-12 7.460000e-01
23 43 3.860000e-12 7.460000e-01
23 44 3.860000e-12 7.460000e-01
23 45 3.860000e-12 7.460000e-01
23 46 3.860000e-12 7.460000e-01
23 47 3.860000e-12 7.460000e-01
23 48 3.860000e-12 7.460000e-01
23 49 3.860000e-12 7.460000e-01
23 50 3.860000e-12 7.460000e-01
23 51 3.860000e-12 7.460000e-01
23 52 3.860000e-12 7.460000e-01
23 53 3.860000e-12 7.460000e-01
24 24 1.370000e-13 8.920000e-01
24 25 1.020000e-12 8.430000e-01
24 26 1.278000e-12 7.682000e-01
24 27 1.600000e-12 7.000000e-01
24 28 1.920000e-12 7.000000e-01
24 29 2.240000e-12 7.000000e-01
24 30 2.560000e-12 7.000000e-01
24 31 2.880000e-12 7.000000e-01
24 32 3.200000e-12 7.000000e-01
24 33 3.520000e-12 7.000000e-01
24 34 3.840000e-12 7.000000e-01
24 35 4.160000e-12 7.000000e-01
24 36 4.160000e-12 7.000000e-01
24 37 4.160000e-12 7.000000e-01
24 38 4.160000e-12 7.000000e-01
24 39 4.160000e-12 7.000000e-01
24 40 4.160000e-12 7.000000e-01
24 41 4.160000e-12 7.000000e-01
24 42 4.160000e-12 7.000000e-01
24 43 4.160000e-12 7.000000e-01
24 44 4.160000e-12 7.000000e-01
24 45 4.160000e-12 7.000000e-01
24 46 4.160000e-12 7.000000e-01
24 47 4.160000e-12 7.000000e-01
24 48 4.160000e-12 7.000000e-01
24 49 4.160000e-12 7.000000e-01
24 50 4.160000e-12 7.000000e-01
24 51 4.160000e-12 7.000000e-01
24 52 4.160000e-12 7.000000e-01
24 53 4.160000e-12 7.000000e-01
25 25 1.420000e-13 8.910000e-01
25 26 4.459000e-13 7.897000e-01
25 27 1.400000e-12 7.000000e-01
25 28 1.500000e-12 7.000000e-01
25 29 1.600000e-12 7.000000e-01
25 30 1.700000e-12 7.000000e-01
25 31 1.800000e-12 7.000000e-01
25 32 1.900000e-12 7.000000e-01
25 33 2.000000e-12 7.000000e-01
25 34 2.100000e-12 7.000000e-01
25 35 2.200000e-12 7.000000e-01
25 36 2.200000e-12 7.000000e-01
25 37 2.200000e-12 7.000000e-01
25 38 2.200000e-12 7.000000e-01
25 39 2.200000e-12 7.000000e-01
25 40 2.200000e-12 7.000000e-01
25 41 2.200000e-12 7.000000e-01
25 42 2.200000e-12 7.000000e-01
25 43 2.200000e-12 7.000000e-01
25 44 2.200000e-12 7.000000e-01
25 45 2.200000e-12 7.000000e-01
25 46 2.200000e-12 7.000000e-01
25 47 2.200000e-12 7.000000e-01
25 48 2.200000e-12 7.000000e-01
25 49 2.200000e-12 7.000000e-01
25 50 2.200000e-12 7.000000e-01
25 51 2.200000e-12 7.000000e-01
25 52 2.200000e-12 7.000000e-01
25 53 2.200000e-12 7.000000e-01
26 26 2.510000e-13 7.950000e-01
26 27 1.000000e-12 7.000000e-01
26 28 1.000000e-12 7.000000e-01
26 29 1.100000e-12 7.000000e-01
26 30 1.200000e-12 7.000000e-01
26 31 1.300000e-12 7.000000e-01
26 32 1.400000e-12 7.000000e-01
26 33 1.500000e-12 7.000000e-01
26 34 1.600000e-12 7.000000e-01
26 35 1.700000e-12 7.000000e-01
26 36 1.700000e-12 7.000000e-01
26 37 1.700000e-12 7.000000e-01
26 38 1.700000e-12 7.000000e-01
26 39 1.700000e-12 7.000000e-01
26 40 1.700000e-12 7.000000e-01
26 41 1.700000e-12 7.000000e-01
26 42 1.700000e-12 7.000000e-01
26 43 1.700000e-12 7.000000e-01
26 44 1.700000e-12 7.000000e-01
26 45 1.700000e-12 7.000000e-01
26 46 1.700000e-12 7.000000e-01
26 47 1.700000e-12 7.000000e-01
26 48 1.700000e-12 7.000000e-01
26 49 1.700000e-12 7.000000e-01
26 50 1.700000e-12 7.000000e-01
26 51 1.700000e-12 7.000000e-01
26 52 1.700000e-12 7.000000e-01
26 53 1.700000e-12 7.000000e-01
27 27 3.600000e-13 7.000000e-01
27 28 3.600000e-13 7.000000e-01
27 29 3.600000e-13 7.000000e-01
27 30 3.600000e-13 7.000000e-01
27 31 3.600000e-13 7.000000e-01
27 32 3.600000e-13 7.000000e-01
27 33 3.600000e-13 7.000000e-01
27 34 3.600000e-13 7.000000e-01
27 35 3.600000e-13 7.000000e-01
27 36 3.600000e-13 7.000000e-01
27 37 3.600000e-13 7.000000e-01
27 38 3.600000e-13 7.000000e-01
27 39 3.600000e-13 7.000000e-01
27 40 3.600000e-13 7.000000e-01
27 41 3.600000e-13 7.000000e-01
27 42 3.600000e-13 7.000000e-01
27 43 3.600000e-13 7.000000e-01
27 44 3.600000e-13 7.000000e-01
27 45 3.600000e-13 7.000000e-01
27 46 3.600000e-13 7.000000e-01
27 47 3.600000e-13 7.000000e-01
27 48 3.600000e-13 7.000000e-01
27 49 3.600000e-13 7.000000e-01
27 50 3.600000e-13 7.000000e-01
27 51 3.600000e-13 7.000000e-01
27 52 3.600000e-13 7.000000e-01
27 53 3.600000e-13 7.000000e-01
28 28 3.600000e-13 7.000000e-01
28 29 3.600000e-13 7.000000e-01
28 30 3.600000e-13 7.000000e-01
28 31 3.600000e-13 7.000000e-01
28 32 3.600000e-13 7.000000e-01
28 33 3.600000e-13 7.000000e-01
28 34 3.600000e-13 7.000000e-01
28 35 3.600000e-13 7.000000e-01
28 36 3.600000e-13 7.000000e-01
28 37 3.600000e-13 7.000000e-01
28 38 3.600000e-13 7.000000e-01
28 39 3.600000e-13 7.000000e-01
28 40 3.600000e-13 7.000000e-01
28 41 3.600000e-13 7.000000e-01
28 42 3.600000e-13 7.000000e-01
28 43 3.600000e-13 7.000000e-01
28 44 3.600000e-13 7.000000e-01
28 45 3.600000e-13 7.000000e-01
28 46 3.600000e-13 7.000000e-01
28 47 3.600000e-13 7.000000e-01
28 48 3.600000e-13 7.000000e-01
28 49 3.600000e-13 7.000000e-01
28 50 3.600000e-13 7.000000e-01
28 51 3.600000e-13 7.000000e-01
28 52 3.600000e-13 7.000000e-01
28 53 3.600000e-13 7.000000e-01
29 29 3.600000e-13 7.000000e-01
29 30 3.600000e-13 7.000000e-01
29 31 3.600000e-13 7.000000e-01
29 32 3.600000e-13 7.000000e-01
29 33 3.600000e-13 7.000000e-01
29 34 3.600000e-13 7.000000e-01
29 35 3.600000e-13 7.000000e-01
29 36 3.600000e-13 7.000000e-01
29 37 3.600000e-13 7.000000e-01
29 38 3.600000e-13 7.000000e-01
29 39 3.600000e-13 7.000000e-01
29 40 3.600000e-13 7.000000e-01
29 41 3.600000e-13 7.000000e-01
29 42 3.600000e-13 7.000000e-01
29 43 3.600000e-13 7.000000e-01
29 44 3.600000e-13 7.000000e-01
29 45 3.600000e-13 7.000000e-01
29 46 3.600000e-13 7.000000e-01
29 47 3.600000e-13 7.000000e-01
29 48 3.600000e-13 7.000000e-01
29 49 3.600000e-13 7.000000e-01
29 50 3.600000e-13 7.000000e-01
29 51 3.600000e-13 7.000000e-01
29 52 3.600000e-13 7.000000e-01
29 53 3.600000e-13 7.000000e-01
30 30 3.600000e-13 7.000000e-01
30 31 3.600000e-13 7.000000e-01
30 32 3.600000e-13 7.000000e-01
30 33 3.600000e-13 7.000000e-01
30 34 3.600000e-13 7.000000e-01
30 35 3.600000e-13 7.000000e-01
30 36 3.600000e-13 7.000000e-01
30 37 3.600000e-13 7.000000e-01
30 38 3.600000e-13 7.000000e-01
30 39 3.600000e-13 7.000000e-01
30 40 3.600000e-13 7.000000e-01
30 41 3.600000e-13 7.000000e-01
30 42 3.600000e-13 7.000000e-01
30 43 3.600000e-13 7.000000e-01
30 44 3.600000e-13 7.000000e-01
30 45 3.600000e-13 7.000000e-01
30 46 3.600000e-13 7.000000e-01
30 47 3.600000e-13 7.000000e-01
30 48 3.600000e-13 7.000000e-01
30 49 3.600000e-13 7.000000e-01
30 50 3.600000e-13 7.000000e-01
30 51 3.600000e-13 7.000000e-01
30 52 3.600000e-13 7.000000e-01
30 53 3.600000e-13 7.000000e-01
31 31 3.600000e-13 7.000000e-01
31 32 3.600000e-13 7.000000e-01
31 33 3.600000e-13 7.000000e-01
31 34 3.600000e-13 7.000000e-01
31 35 3.600000e-13 7.000000e-01
31 36 3.600000e-13 7.000000e-01
31 37 3.600000e-13 7.000000e-01
31 38 3.600000e-13 7.000000e-01
31 39 3.600000e-13 7.000000e-01
31 40 3.600000e-13 7.000000e-01
31 41 3.600000e-13 7.000000e-01
31 42 3.600000e-13 7.000000e-01
31 43 3.600000e-13 7.000000e-01
31 44 3.600000e-13 7.000000e-01
31 45 3.600000e-13 7.000000e-01
31 46 3.600000e-13 7.000000e-01
31 47 3.600000e-13 7.000000e-01
31 48 3.600000e-13 7.000000e-01
31 49 3.600000e-13 7.000000e-01
31 50 3.600000e-13 7.000000e-01
31 51 3.600000e-13 7.000000e-01
31 52 3.600000e-13 7.000000e-01
31 53 3.600000e-13 7.000000e-01
32 32 3.600000e-13 7.000000e-01
32 33 3.600000e-13 7.000000e-01
32 34 3.600000e-13 7.000000e-01
32 35 3.600000e-13 7.000000e-01
32 36 3.600000e-13 7.000000e-01
32 37 3.600000e-13 7.000000e-01
32 38 3.600000e-13 7.000000e-01
32 39 3.600000e-13 7.000000e-01
32 40 3.600000e-13 7.000000e-01
32 41 3.600000e-13 7.000000e-01
32 42 3.600000e-13 7.000000e-01
32 43 3.600000e-13 7.000000e-01
32 44 3.600000e-13 7.000000e-01
32 45 3.600000e-13 7.000000e-01
32 46 3.600000e-13 7.000000e-01
32 47 3.600000e-13 7.000000e-01
32 48 3.600000e-13 7.000000e-01
32 49 3.600000e-13 7.000000e-01
32 50 3.600000e-13 7.000000e-01
32 51 3.600000e-13 7.000000e-01
32 52 3.600000e-13 7.000000e-01
32 53 3.600000e-13 7.000000e-01
33 33 3.600000e-13 7.000000e-01
33 34 3.600000e-13 7.000000e-01
33 35 3.600000e-13 7.000000e-01
33 36 3.600000e-13 7.000000e-01
33 37 3.600000e-13 7.000000e-01
33 38 3.600000e-13 7.000000e-01
33 39 3.600000e-13 7.000000e-01
33 40 3.600000e-13 7.000000e-01
33 41 3.600000e-13 7.000000e-01
33 42 3.600000e-13 7.000000e-01
33 43 3.600000e-13 7.000000e-01
33 44 3.600000e-13 7.000000e-01
33 45 3.600000e-13 7.000000e-01
33 46 3.600000e-13 7.000000e-01
33 47 3.600000e-13 7.000000e-01
33 48 3.600000e-13 7.000000e-01
33 49 3.600000e-13 7.000000e-01
33 50 3.600000e-13 7.000000e-01
33 51 3.600000e-13 7.000000e-01
33 52 3.600000e-13 7.000000e-01
33 53 3.600000e-13 7.000000e-01
34 34 3.600000e-13 7.000000e-01
34 35 3.600000e-13 7.000000e-01
34 36 3.600000e-13 7.000000e-01
34 37 3.600000e-13 7.000000e-01
34 38 3.600000e-13 7.000000e-01
34 39 3.600000e-13 7.000000e-01
34 40 3.600000e-13 7.000000e-01
34 41 3.600000e-13 7.000000e-01
34 42 3.600000e-13 7.000000e-01
34 43 3.600000e-13 7.000000e-01
34 44 3.600000e-13 7.000000e-01
34 45 3.600000e-13 7.000000e-01
34 46 3.600000e-13 7.000000e-01
34 47 3.600000e-13 7.000000e-01
34 48 3.600000e-13 7.000000e-01
34 49 3.600000e-13 7.000000e-01
34 50 3.600000e-13 7.000000e-01
34 51 3.600000e-13 7.000000e-01
34 52 3.600000e-13 7.000000e-01
34 53 3.600000e-13 7.000000e-01
35 35 3.600000e-13 7.000000e-01
35 36 3.600000e-13 7.000000e-01
35 37 3.600000e-13 7.000000e-01
35 38 3.600000e-13 7.000000e-01
35 39 3.600000e-13 7.000000e-01
35 40 3.600000e-13 7.000000e-01
35 41 3.600000e-13 7.000000e-01
35 42 3.600000e-13 7.000000e-01
35 43 3.600000e-13 7.000000e-01
35 44 3.600000e-13 7.000000e-01
35 45 3.600000e-13 7.000000e-01
35 46 3.600000e-13 7.000000e-01
35 47 3.600000e-13 7.000000e-01
35 48 3.600000e-13 7.000000e-01
35 49 3.600000e-13 7.000000e-01
35 50 3.600000e-13 7.000000e-01
35 51 3.600000e-13 7.000000e-01
35 52 3.600000e-13 7.000000e-01
35 53 3.600000e-13 7.000000e-01
36 36 3.600000e-13 7.000000e-01
36 37 3.600000e-13 7.000000e-01
36 38 3.600000e-13 7.000000e-01
36 39 3.600000e-13 7.000000e-01
36 40 3.600000e-13 7.000000e-01
36 41 3.600000e-13 7.000000e-01
36 42 3.600000e-13 7.000000e-01
36 43 3.600000e-13 7.000000e-01
36 44 3.600000e-13 7.000000e-01
36 45 3.600000e-13 7.000000e-01
36 46 3.600000e-13 7.000000e-01
36 47 3.600000e-13 7.000000e-01
36 48 3.600000e-13 7.000000e-01
36 49 3.600000e-13 7.000000e-01
36 50 3.600000e-13 7.000000e-01
36 51 3.600000e-13 7.000000e-01
36 52 3.600000e-13 7.000000e-01
36 53 3.600000e-13 7.000000e-01
37 53 3.600000e-13 7.000000e-01
38 53 3.600000e-13 7.000000e-01
39 53 3.600000e-13 7.000000e-01
40 53 3.600000e-13 7.000000e-01
41 53 3.600000e-13 7.000000e-01
42 53 3.600000e-13 7.000000e-01
43 53 3.600000e-13 7.000000e-01
44 53 3.600000e-13 7.000000e-01
45 53 3.600000e-13 7.000000e-01
46 53 3.600000e-13 7.000000e-01
47 53 3.600000e-13 7.000000e-01
48 53 3.600000e-13 7.000000e-01
49 53 3.600000e-13 7.000000e-01
50 53 3.600000e-13 7.000000e-01
51 53 3.600000e-13 7.000000e-01
52 53 3.600000e-13 7.000000e-01
53 53 3.600000e-13 7.000000e-01
-1 -1
0 0 7.982000e-11 7.480000e-01 3.148000e+00 7.036000e+05
0 1 1.891000e-10 7.524000e-01 9.370000e+00 2.774000e+06
0 2 3.039000e-10 7.539000e-01 1.871000e+01 6.209000e+06
0 3 4.290000e-10 7.557000e-01 3.000000e+01 1.093000e+07
0 4 5.437000e-10 7.560000e-01 4.576000e+01 1.706000e+07
0 5 6.556000e-10 7.567000e-01 6.523000e+01 2.446000e+07
0 6 7.586000e-10 7.563000e-01 9.015000e+01 3.338000e+07
0 7 8.616000e-10 7.563000e-01 1.191000e+02 4.352000e+07
0 8 9.712000e-10 7.566000e-01 1.499000e+02 5.498000e+07
0 9 1.085000e-09 7.570000e-01 1.834000e+02 6.776000e+07
0 10 1.163000e-09 7.558000e-01 2.328000e+02 8.262000e+07
0 11 1.317000e-09 7.574000e-01 2.585000e+02 9.769000e+07
0 12 1.419000e-09 7.578000e-01 3.057000e+02 1.143000e+08
0 13 1.517000e-09 7.574000e-01 3.601000e+02 1.329000e+08
0 14 1.586000e-09 7.560000e-01 4.327000e+02 1.534000e+08
0 15 1.729000e-09 7.568000e-01 4.725000e+02 1.746000e+08
0 16 1.791000e-09 7.565000e-01 5.591000e+02 1.972000e+08
0 17 1.913000e-09 7.567000e-01 6.175000e+02 2.212000e+08
0 18 2.033000e-09 7.569000e-01 6.797000e+02 2.463000e+08
0 19 2.129000e-09 7.570000e-01 7.591000e+02 2.739000e+08
0 20 2.262000e-09 7.578000e-01 8.186000e+02 3.000000e+08
0 21 2.370000e-09 7.574000e-01 9.002000e+02 3.307000e+08
0 22 2.415000e-09 7.565000e-01 1.032000e+03 3.635000e+08
0 23 2.537000e-09 7.571000e-01 1.108000e+03 3.954000e+08
0 24 2.618000e-09 7.565000e-01 1.225000e+03 4.307000e+08
0 25 2.735000e-09 7.568000e-01 1.314000e+03 4.659000e+08
0 26 2.809000e-09 7.565000e-01 1.444000e+03 5.042000e+08
0 27 3.002000e-09 7.581000e-01 1.467000e+03 5.409000e+08
0 28 3.022000e-09 7.564000e-01 1.666000e+03 5.855000e+08
0 29 3.127000e-09 7.567000e-01 1.779000e+03 6.246000e+08
0 30 3.317000e-09 7.567000e-01 1.779000e+03 6.637000e+08
0 31 3.592000e-09 7.567000e-01 1.779000e+03 7.028000e+08
0 32 3.952000e-09 7.567000e-01 1.779000e+03 7.419000e+08
0 33 4.397000e-09 7.567000e-01 1.779000e+03 7.810000e+08
0 34 4.927000e-09 7.567000e-01 1.779000e+03 8.201000e+08
0 35 5.542000e-09 7.567000e-01 1.779000e+03 8.592000e+08
0 36 5.542000e-09 7.567000e-01 1.779000e+03 8.592000e+08
0 37 5.542000e-09 7.567000e-01 1.779000e+03 8.592000e+08
0 38 5.542000e-09 7.567000e-01 1.779000e+03 8.592000e+08
0 39 5.542000e-09 7.567000e-01 1.779000e+03 8.592000e+08
0 40 5.542000e-09 7.567000e-01 1.779000e+03 8.592000e+08
0 41 5.542000e-09 7.567000e-01 1.779000e+03 8.592000e+08
0 42 5.542000e-09 7.567000e-01 1.779000e+03 8.592000e+08
0 43 5.542000e-09 7.567000e-01 1.779000e+03 8.592000e+08
0 44 5.542000e-09 7.567000e-01 1.779000e+03 8.592000e+08
0 45 5.542000e-09 7.567000e-01 1.779000e+03 8.592000e+08
0 46 5.542000e-09 7.567000e-01 1.779000e+03 8.592000e+08
0 47 5.542000e-09 7.567000e-01 1.779000e+03 8.592000e+08
0 48 5.542000e-09 7.567000e-01 1.779000e+03 8.592000e+08
0 49 5.542000e-09 7.567000e-01 1.779000e+03 8.592000e+08
0 50 5.542000e-09 7.567000e-01 1.779000e+03 8.592000e+08
0 51 5.542000e-09 7.567000e-01 1.779000e+03 8.592000e+08
0 52 5.542000e-09 7.567000e-01 1.779000e+03 8.592000e+08
0 53 5.542000e-09 7.567000e-01 1.779000e+03 8.592000e+08
1 1 9.356000e-11 7.892000e-01 4.266000e-02 4.677000e+06
1 2 1.112000e-10 6.926000e-01 2.437000e+01 8.323000e+06
1 3 1.317000e-10 6.691000e-01 8.473000e+01 1.412000e+07
1 4 1.922000e-10 6.717000e-01 1.272000e+02 1.975000e+07
1 5 2.765000e-10 6.858000e-01 1.535000e+02 2.556000e+07
1 6 3.910000e-10 6.988000e-01 1.611000e+02 3.271000e+07
1 7 4.897000e-10 7.048000e-01 1.906000e+02 4.093000e+07
1 8 5.602000e-10 7.052000e-01 2.476000e+02 5.077000e+07
1 9 6.161000e-10 7.029000e-01 3.274000e+02 6.243000e+07
1 10 6.833000e-10 7.018000e-01 4.060000e+02 7.491000e+07
1 11 7.510000e-10 7.020000e-01 4.921000e+02 8.643000e+07
1 12 8.182000e-10 7.008000e-01 5.875000e+02 1.007000e+08
1 13 8.722000e-10 6.996000e-01 7.098000e+02 1.155000e+08
1 14 9.142000e-10 6.961000e-01 8.682000e+02 1.335000e+08
1 15 9.692000e-10 6.945000e-01 1.017000e+03 1.517000e+08
1 16 1.021000e-09 6.932000e-01 1.184000e+03 1.695000e+08
1 17 1.087000e-09 6.936000e-01 1.329000e+03 1.880000e+08
1 18 1.145000e-09 6.921000e-01 1.503000e+03 2.098000e+08
1 19 1.179000e-09 6.893000e-01 1.757000e+03 2.344000e+08
1 20 1.265000e-09 6.902000e-01 1.877000e+03 2.555000e+08
1 21 1.322000e-09 6.885000e-01 2.092000e+03 2.829000e+08
1 22 1.375000e-09 6.885000e-01 2.321000e+03 3.056000e+08
1 23 1.422000e-09 6.874000e-01 2.589000e+03 3.336000e+08
1 24 1.488000e-09 6.867000e-01 2.802000e+03 3.623000e+08
1 25 1.542000e-09 6.859000e-01 3.073000e+03 3.926000e+08
1 26 1.589000e-09 6.846000e-01 3.373000e+03 4.267000e+08
1 27 1.676000e-09 6.861000e-01 3.530000e+03 4.538000e+08
1 28 1.686000e-09 6.824000e-01 4.031000e+03 4.948000e+08
1 29 1.758000e-09 6.834000e-01 4.254000e+03 5.258000e+08
1 30 1.892000e-09 6.834000e-01 4.554000e+03 5.608000e+08
1 31 2.088000e-09 6.834000e-01 4.854000e+03 5.958000e+08
1 32 2.346000e-09 6.834000e-01 5.154000e+03 6.308000e+08
1 33 2.666000e-09 6.834000e-01 5.454000e+03 6.658000e+08
1 34 3.048000e-09 6.834000e-01 5.754000e+03 7.008000e+08
1 35 3.492000e-09 6.834000e-01 6.054000e+03 7.358000e+08
1 36 3.492000e-09 6.834000e-01 6.054000e+03 7.358000e+08
1 37 3.492000e-09 6.834000e-01 6.054000e+03 7.358000e+08
1 38 3.492000e-09 6.834000e-01 6.054000e+03 7.358000e+08
1 39 3.492000e-09 6.834000e-01 6.054000e+03 7.358000e+08
1 40 3.492000e-09 6.834000e-01 6.054000e+03 7.358000e+08
1 41 3.492000e-09 6.834000e-01 6.054000e+03 7.358000e+08
1 42 3.492000e-09 6.834000e-01 6.054000e+03 7.358000e+08
1 43 3.492000e-09 6.834000e-01 6.054000e+03 7.358000e+08
1 44 3.492000e-09 6.834000e-01 6.054000e+03 7.358000e+08
1 45 3.492000e-09 6.834000e-01 6.054000e+03 7.358000e+08
1 46 3.492000e-09 6.834000e-01 6.054000e+03 7.358000e+08
1 47 3.492000e-09 6.834000e-01 6.054000e+03 7.358000e+08
1 48 3.492000e-09 6.834000e-01 6.054000e+03 7.358000e+08
1 49 3.492000e-09 6.834000e-01 6.054000e+03 7.358000e+08
1 50 3.492000e-09 6.834000e-01 6.054000e+03 7.358000e+08
1 51 3.492000e-09 6.834000e-01 6.054000e+03 7.358000e+08
1 52 3.492000e-09 6.834000e-01 6.054000e+03 7.358000e+08
1 53 3.492000e-09 6.834000e-01 6.054000e+03 7.358000e+08
2 2 1.036000e-11 3.880000e-01 1.077000e+02 1.177000e+07
2 3 2.338000e-11 4.211000e-01 3.647000e+02 1.215000e+07
2 4 4.487000e-11 4.644000e-01 5.371000e+02 1.465000e+07
2 5 8.540000e-11 5.247000e-01 5.014000e+02 1.479000e+07
2 6 1.169000e-10 5.470000e-01 6.793000e+02 1.650000e+07
2 7 2.053000e-10 6.019000e-01 4.772000e+02 1.711000e+07
2 8 2.739000e-10 6.188000e-01 5.033000e+02 2.064000e+07
2 9 3.200000e-10 6.198000e-01 6.329000e+02 2.616000e+07
2 10 3.873000e-10 6.295000e-01 7.000000e+02 2.989000e+07
2 11 4.284000e-10 6.287000e-01 8.748000e+02 3.586000e+07
2 12 4.881000e-10 6.326000e-01 9.941000e+02 4.085000e+07
2 13 5.373000e-10 6.337000e-01 1.164000e+03 4.677000e+07
2 14 5.876000e-10 6.354000e-01 1.341000e+03 5.292000e+07
2 15 6.571000e-10 6.400000e-01 1.452000e+03 5.796000e+07
2 16 7.076000e-10 6.397000e-01 1.653000e+03 6.555000e+07
2 17 7.538000e-10 6.388000e-01 1.889000e+03 7.306000e+07
2 18 8.182000e-10 6.411000e-01 2.044000e+03 8.057000e+07
2 19 8.577000e-10 6.403000e-01 2.334000e+03 8.850000e+07
2 20 9.162000e-10 6.413000e-01 2.543000e+03 9.690000e+07
2 21 9.844000e-10 6.440000e-01 2.708000e+03 1.044000e+08
2 22 1.020000e-09 6.427000e-01 3.057000e+03 1.140000e+08
2 23 1.091000e-09 6.445000e-01 3.225000e+03 1.229000e+08
2 24 1.151000e-09 6.451000e-01 3.461000e+03 1.334000e+08
2 25 1.198000e-09 6.443000e-01 3.789000e+03 1.437000e+08
2 26 1.211000e-09 6.406000e-01 4.357000e+03 1.572000e+08
2 27 1.288000e-09 6.440000e-01 4.506000e+03 1.651000e+08
2 28 1.372000e-09 6.472000e-01 4.627000e+03 1.740000e+08
2 29 1.412000e-09 6.454000e-01 5.053000e+03 1.891000e+08
2 30 1.452000e-09 6.454000e-01 5.203000e+03 1.971000e+08
2 31 1.565000e-09 6.454000e-01 5.353000e+03 2.051000e+08
2 32 1.825000e-09 6.454000e-01 5.503000e+03 2.131000e+08
2 33 2.304000e-09 6.454000e-01 5.653000e+03 2.211000e+08
2 34 3.076000e-09 6.454000e-01 5.803000e+03 2.291000e+08
2 35 4.214000e-09 6.454000e-01 5.953000e+03 2.371000e+08
2 36 4.214000e-09 6.454000e-01 5.953000e+03 2.371000e+08
2 37 4.214000e-09 6.454000e-01 5.953000e+03 2.371000e+08
2 38 4.214000e-09 6.454000e-01 5.953000e+03 2.371000e+08
2 39 4.214000e-09 6.454000e-01 5.953000e+03 2.371000e+08
2 40 4.214000e-09 6.454000e-01 5.953000e+03 2.371000e+08
2 41 4.214000e-09 6.454000e-01 5.953000e+03 2.371000e+08
2 42 4.214000e-09 6.454000e-01 5.953000e+03 2.371000e+08
2 43 4.214000e-09 6.454000e-01 5.953000e+03 2.371000e+08
2 44 4.214000e-09 6.454000e-01 5.953000e+03 2.371000e+08
2 45 4.214000e-09 6.454000e-01 5.953000e+03 2.371000e+08
2 46 4.214000e-09 6.454000e-01 5.953000e+03 2.371000e+08
2 47 4.214000e-09 6.454000e-01 5.953000e+03 2.371000e+08
2 48 4.214000e-09 6.454000e-01 5.953000e+03 2.371000e+08
2 49 4.214000e-09 6.454000e-01 5.953000e+03 2.371000e+08
2 50 4.214000e-09 6.454000e-01 5.953000e+03 2.371000e+08
2 51 4.214000e-09 6.454000e-01 5.953000e+03 2.371000e+08
2 52 4.214000e-09 6.454000e-01 5.953000e+03 2.371000e+08
2 53 4.214000e-09 6.454000e-01 5.953000e+03 2.371000e+08
3 5 2.020000e-09 7.798000e-01 6.690000e-01 2.425000e+06
3 6 1.595000e-11 3.529000e-01 9.870000e+03 2.584000e+07
3 7 2.008000e-11 3.567000e-01 1.520000e+04 3.843000e+07
3 9 2.793000e-11 3.533000e-01 3.017000e+04 7.872000e+07
4 5 8.577000e-10 7.837000e-01 7.286000e-01 1.140000e+07
4 6 7.039000e-10 8.607000e-01 2.203000e+00 3.029000e+06
4 7 1.542000e-10 6.712000e-01 1.775000e+02 1.535000e+08
4 9 2.515000e-10 7.011000e-01 3.028000e+02 8.903000e+06
5 5 7.651000e-09 8.027000e-01 1.193000e-03 9.334000e+12
5 6 5.989000e-10 7.560000e-01 1.377000e+00 1.517000e+09
5 7 3.672000e-09 7.676000e-01 2.900000e-01 8.521000e+07
5 9 9.353000e-11 6.270000e-01 9.031000e+02 2.387000e+07
6 6 1.243000e-08 7.022000e-01 1.136000e-03 1.015000e+13
6 7 1.816000e-08 7.170000e-01 6.717000e-03 3.286000e+12
6 9 4.227000e-11 5.395000e-01 1.687000e+03 1.491000e+17
7 7 1.341000e-10 6.159000e-01 1.673000e+00 6.366000e+16
7 9 9.563000e-12 3.067000e-01 9.768000e+03 4.851000e+17
8 9 5.417000e-08 6.930000e-01 1.179000e-03 1.060000e+07
9 9 5.023000e-12 2.420000e-01 3.181000e+02 1.450000e+18
10 10 5.641000e-12 1.749000e-01 3.077000e+02 2.617000e+06
10 11 1.920000e-11 3.028000e-01 4.849000e+02 5.890000e+06
10 12 3.753000e-11 3.585000e-01 6.848000e+02 9.035000e+06
10 13 5.942000e-11 3.930000e-01 8.962000e+02 1.213000e+07
10 14 1.721000e-10 5.429000e-01 2.848000e+02 3.975000e+07
10 15 3.502000e-10 6.266000e-01 1.532000e+02 1.755000e+07
10 16 2.502000e-10 5.580000e-01 5.303000e+02 4.558000e+07
10 17 2.862000e-10 5.621000e-01 7.002000e+02 4.885000e+07
10 18 2.757000e-10 5.364000e-01 1.204000e+03 7.013000e+07
10 19 5.273000e-10 6.281000e-01 5.329000e+02 3.188000e+07
10 20 3.890000e-10 5.645000e-01 1.391000e+03 6.295000e+07
10 21 4.207000e-10 5.646000e-01 1.688000e+03 6.872000e+07
10 22 4.605000e-10 5.659000e-01 1.949000e+03 7.419000e+07
10 23 4.975000e-10 5.655000e-01 2.257000e+03 8.072000e+07
10 24 5.349000e-10 5.658000e-01 2.577000e+03 8.710000e+07
10 25 7.688000e-10 6.173000e-01 1.653000e+03 6.161000e+07
10 26 5.850000e-10 5.598000e-01 3.538000e+03 1.052000e+08
10 27 6.347000e-10 5.631000e-01 3.780000e+03 1.116000e+08
10 28 6.619000e-10 5.602000e-01 4.322000e+03 1.210000e+08
10 29 7.002000e-10 5.612000e-01 4.726000e+03 1.287000e+08
10 30 7.496000e-10 5.612000e-01 5.126000e+03 1.367000e+08
10 31 8.101000e-10 5.612000e-01 5.526000e+03 1.447000e+08
10 32 8.817000e-10 5.612000e-01 5.926000e+03 1.527000e+08
10 33 9.644000e-10 5.612000e-01 6.326000e+03 1.607000e+08
10 34 1.058000e-09 5.612000e-01 6.726000e+03 1.687000e+08
10 35 1.163000e-09 5.612000e-01 7.126000e+03 1.767000e+08
10 36 1.163000e-09 5.612000e-01 7.126000e+03 1.767000e+08
10 37 1.163000e-09 5.612000e-01 7.126000e+03 1.767000e+08
10 38 1.163000e-09 5.612000e-01 7.126000e+03 1.767000e+08
10 39 1.163000e-09 5.612000e-01 7.126000e+03 1.767000e+08
10 40 1.163000e-09 5.612000e-01 7.126000e+03 1.767000e+08
10 41 1.163000e-09 5.612000e-01 7.126000e+03 1.767000e+08
10 42 1.163000e-09 5.612000e-01 7.126000e+03 1.767000e+08
10 43 1.163000e-09 5.612000e-01 7.126000e+03 1.767000e+08
10 44 1.163000e-09 5.612000e-01 7.126000e+03 1.767000e+08
10 45 1.163000e-09 5.612000e-01 7.126000e+03 1.767000e+08
10 46 1.163000e-09 5.612000e-01 7.126000e+03 1.767000e+08
10 47 1.163000e-09 5.612000e-01 7.126000e+03 1.767000e+08
10 48 1.163000e-09 5.612000e-01 7.126000e+03 1.767000e+08
10 49 1.163000e-09 5.612000e-01 7.126000e+03 1.767000e+08
10 50 1.163000e-09 5.612000e-01 7.126000e+03 1.767000e+08
10 51 1.163000e-09 5.612000e-01 7.126000e+03 1.767000e+08
10 52 1.163000e-09 5.612000e-01 7.126000e+03 1.767000e+08
10 53 1.163000e-09 5.612000e-01 7.126000e+03 1.767000e+08
11 25 8.110000e-10 5.442000e-01 1.755000e+03 6.799000e+07
12 25 6.967000e-10 5.602000e-01 1.727000e+03 5.618000e+07
13 25 3.236000e-08 3.247000e-01 2.338000e+01 8.337000e+12
14 25 2.664000e-08 3.285000e-01 2.297000e+01 6.672000e+12
15 25 2.165000e-08 3.403000e-01 2.195000e+01 6.383000e+12
16 25 2.460000e-08 3.387000e-01 1.487000e+01 5.228000e+12
17 25 1.907000e-08 3.768000e-01 1.216000e+01 5.431000e+12
18 25 1.439000e-08 4.170000e-01 1.006000e+01 4.898000e+12
19 25 1.184000e-08 4.798000e-01 5.883000e+00 2.582000e+12
20 25 1.036000e-08 5.428000e-01 2.743000e+00 1.014000e+12
21 25 8.288000e-09 6.012000e-01 1.216000e+00 1.182000e+12
22 25 6.330000e-09 6.355000e-01 5.457000e-01 8.545000e+11
23 25 5.422000e-09 5.067000e-01 4.998000e-01 8.079000e+11
24 25 6.076000e-09 3.112000e-01 3.401000e-01 1.960000e+12
25 25 8.945000e-09 2.156000e-01 4.184000e-02 5.353000e+13
-1 -1
 3 4.330e-10 5.310e-01 5.770e-02
 4 3.910e-10 5.230e-01 6.150e-02
 5 3.490e-10 5.210e-01 6.220e-02
 6 3.160e-10 5.340e-01 6.020e-02
 7 2.960e-10 5.570e-01 5.790e-02
 8 2.590e-10 5.670e-01 5.650e-02
 9 2.240e-10 5.790e-01 5.490e-02
10 1.910e-10 6.010e-01 5.100e-02
11 1.680e-10 6.020e-01 5.070e-02
12 1.460e-10 5.970e-01 5.220e-02
-1
